%YAML:1.0
---
#####################################################################
# 哨兵云台
#####################################################################
K: !!opencv-matrix
   rows: 3
   cols: 3
   dt: d
   data: [ 1.2949907608824747e+03, 0., 6.7182675965404201e+02, 0.,
       1.2951753103231088e+03, 5.2695267255254612e+02, 0., 0., 1. ]
D: !!opencv-matrix
   rows: 1
   cols: 5
   dt: d
   data: [ -8.3861813865699950e-02, 1.0983837539917037e-01,
       1.5648192479605703e-03, 4.9247247342435836e-03,
       6.9838749190613447e-01 ]
Rcb: !!opencv-matrix
   rows: 3
   cols: 3
   dt: f
   data: [ -1., 0., 0.,
           0., 0., 1.,
           0., 1., 0. ]
Tcb: !!opencv-matrix
   rows: 3
   cols: 1
   dt: f
   data: [ 0., 4.1e-02, 6.6e-02 ]
