%YAML:1.0
---
#####################################################################
# 步兵摄像头1
#####################################################################
K: !!opencv-matrix
   rows: 3
   cols: 3
   dt: d
   data: [ 1.2840325522728347e+03, 0., 6.4744829668957175e+02, 0.,
       1.2847316392018881e+03, 4.8421700200820499e+02, 0., 0., 1. ]
D: !!opencv-matrix
   rows: 1
   cols: 5
   dt: d
   data: [ -6.2945232332240336e-02, -2.4073800698981215e-01,
       -5.7447821078271547e-03, 7.9338494965800269e-04,
       2.2989678584225564e+00 ]
Rcb: !!opencv-matrix
   rows: 3
   cols: 3
   dt: f
   data: [ -1., 0., 0.,
           0., 0., 1.,
           0., 1., 0. ]
Tcb: !!opencv-matrix
   rows: 3
   cols: 1
   dt: f
   data: [ 0., 4.4e-02, 8.7e-02 ]
