%YAML:1.0
---
#####################################################################
# 步兵摄像头2
#####################################################################
K: !!opencv-matrix
   rows: 3
   cols: 3
   dt: d
   data: [1.2933854152004128e+03, 0., 6.3044427905812256e+02, 0.,
       1.2946899381016906e+03, 5.2637180534158085e+02, 0., 0., 1. ]
D: !!opencv-matrix
   rows: 1
   cols: 5
   dt: d
   data: [ -1.1152902556115726e-01, 3.1671982192019421e-01,
       -1.1895755690228817e-04, -1.5517475425108347e-03,
       -2.3915338051687449e-01 ]
Rcb: !!opencv-matrix
   rows: 3
   cols: 3
   dt: f
   data: [ -1., 0., 0.,
           0., 0., 1.,
           0., 1., 0. ]
Tcb: !!opencv-matrix
   rows: 3
   cols: 1
   dt: f
   data: [ 0., 4.4e-02, 8.7e-02 ]
