%YAML:1.0
---
#####################################################################
# 步兵摄像头3
#####################################################################
K: !!opencv-matrix
   rows: 3
   cols: 3
   dt: d
   data: [ 1.2896093181520023e+03, 0., 6.3980497045888706e+02, 0.,
       1.2914693233913599e+03, 5.6501273433581912e+02, 0., 0., 1. ]
D: !!opencv-matrix
   rows: 1
   cols: 5
   dt: d
   data: [ -6.8887906679949193e-02, 5.3169913765109315e-02,
       4.7812239959101896e-03, 1.4829662660629406e-03,
       2.8640901818655568e-01 ]
Rcb: !!opencv-matrix
   rows: 3
   cols: 3
   dt: f
   data: [ -1., 0., 0.,
           0., 0., 1.,
           0., 1., 0. ]
Tcb: !!opencv-matrix
   rows: 3
   cols: 1
   dt: f
   data: [ 0., 4.4e-02, 8.7e-02 ]
