%YAML:1.0
---
#####################################################################
# 英雄摄像头
#####################################################################
K: !!opencv-matrix
   rows: 3
   cols: 3
   dt: d
   data: [ 2.4241047052439230e+03, 0., 6.4960567010271700e+02, 0.,
       1.7509140287041791e+03, 5.1916678732696096e+02, 0., 0., 1. ]
D: !!opencv-matrix
   rows: 1
   cols: 5
   dt: d
   data: [ 1.3298343685886398e+00, -7.8079387092997008e+00,
       3.1940088177751230e-01, -3.0914566114296008e-02,
       2.8160849120584185e+01 ]
Rcb: !!opencv-matrix
   rows: 3
   cols: 3
   dt: f
   data: [ -1., 0., 0.,
           0., 0., 1.,
           0., 1., 0. ]
Tcb: !!opencv-matrix
   rows: 3
   cols: 1
   dt: f
   data: [ 0., 4.4e-02, 8.7e-02 ]
